% N=1 shots

1          0          0          0
0          0          0          0
0          0          1          0
0          1          0          1

% N=2 shots

1          0          0          0
0          1          0          0
0          0          1          0.5
0          0          0          0.5

% N=4 shots

1          0.5        0.25       0
0          0.5        0          0
0          0          0.75       0.25
0          0          0          0.75

% N=8 shots

1          0.375      0          0
0          0.5        0          0.125
0          0.125      0.875      0.125
0          0          0.125      0.75

% N=16 shots

1          0.0625     0.25       0.0625
0          0.9375     0          0.0625
0          0          0.75       0.125
0          0          0          0.75

% N=32 shots

0.9375     0.09375    0.09375    0.03125
0          0.875      0          0.09375
0.0625     0          0.90625    0.09375
0          0.03125    0          0.78125

% N=64 shots

0.859375   0.109375   0.140625   0.015625
0.078125   0.859375   0.03125    0.09375
0.046875   0.015625   0.828125   0.078125
0.015625   0.015625   0          0.8125

% N=128 shots

0.953125   0.101562   0.09375    0.046875
0.0078125  0.851562   0.0078125  0.125
0.0390625  0.015625   0.835938   0.0390625
0          0.03125    0.0625     0.789062

% N=256 shots

0.9375     0.121094   0.125      0.0351562
0.0234375  0.84375    0.015625   0.0976562
0.03125    0          0.832031   0.078125
0.0078125  0.0351562  0.0273438  0.789062

% N=512 shots

0.949219   0.0917969  0.0917969  0.0175781
0.015625   0.890625   0.00390625 0.0859375
0.03125    0.00390625 0.892578   0.0585938
0.00390625 0.0136719  0.0117188  0.837891

% N=1024 shots

0.924805   0.0800781  0.114258   0.0273438
0.03125    0.883789   0.00976562 0.0859375
0.0322266  0.00488281 0.852539   0.0458984
0.0117188  0.03125    0.0234375  0.84082

% N=2048 shots

0.945312   0.0957031  0.108398   0.0205078
0.0205078  0.87793    0.00537109 0.0742188
0.027832   0.00341797 0.866699   0.0805664
0.00634766 0.0229492  0.0195312  0.824707

% N=4096 shots

0.929443   0.0915527  0.106201   0.0175781
0.026123   0.860107   0.00683594 0.0939941
0.0256348  0.00610352 0.848877   0.0756836
0.0187988  0.0422363  0.0380859  0.812744

% N=8192 shots

0.799927   0.175903   0.128418   0.0402832
0.081665   0.712769   0.036499   0.119873
0.0407715  0.0163574  0.709106   0.147217
0.0776367  0.0949707  0.125977   0.692627
